LOGS - VM ALLOCATION:

------------------------------------------------------------------------------------------------------------------------------------------------------------------------------------------------------------------------
Wed Jan 25 12:07:24 IST 2017
Chosen Cluster:
(4,16)(4,14)(2,14)(8,11)(2,13)(4,16)(8,16)(4,12)(2,15)(6,16)(8,13)(2,11)(6,16)(8,15)(2,13)(4,11)(6,13)(6,12)(6,15)(4,14)(6,14)(6,16)

VMs in the cluster after filtering:
(4,16)(4,16)(8,16)(6,16)(6,16)(6,16)

VMs that are free:
(4,16)(4,16)(8,16)(6,16)(6,16)(6,16)

VMs in the order of CPU capacity:
(4,16)(4,16)(6,16)(6,16)(6,16)(8,16)

VMs in the order of Mem capacity:
(4,16)(4,16)(6,16)(6,16)(6,16)(8,16)

Requested Virtual Machine : (2,16)
Virtual Machine selected: (4,16) [vma_4_2]
------------------------------------------------------------------------------------------------------------------------------------------------------------------------------------------------------------------------
Wed Jan 25 12:07:24 IST 2017
Chosen Cluster:
(6,9)(8,3)(8,4)(6,10)(4,4)(8,10)(2,3)(4,6)(6,9)(2,8)(6,4)(2,5)(6,7)(6,2)(4,9)(8,3)(6,6)(4,3)(2,10)(8,9)(4,5)(8,5)(6,7)(2,9)(4,8)(2,5)(8,4)(4,10)(2,4)(4,9)(2,3)

VMs in the cluster after filtering:
(6,10)(8,10)(4,10)

VMs that are free:
(6,10)(8,10)(4,10)

VMs in the order of CPU capacity:
(4,10)(6,10)(8,10)

VMs in the order of Mem capacity:
(4,10)(6,10)(8,10)

Requested Virtual Machine : (3,10)
Virtual Machine selected: (4,10) [vma_1_2]
------------------------------------------------------------------------------------------------------------------------------------------------------------------------------------------------------------------------
Wed Jan 25 12:07:24 IST 2017
Chosen Cluster:
(2,20)(2,20)(6,20)(6,18)(8,20)(4,20)(4,20)(8,18)(8,17)(2,20)(4,18)(6,20)(2,18)(4,18)(8,20)(2,18)(8,20)(8,20)(8,20)

VMs in the cluster after filtering:
(2,20)(2,20)(6,20)(6,18)(8,20)(4,20)(4,20)(8,18)(8,17)(2,20)(4,18)(6,20)(2,18)(4,18)(8,20)(2,18)(8,20)(8,20)(8,20)

VMs that are free:
(2,20)(2,20)(6,20)(6,18)(8,20)(4,20)(4,20)(8,18)(8,17)(2,20)(4,18)(6,20)(2,18)(4,18)(8,20)(2,18)(8,20)(8,20)(8,20)

VMs in the order of CPU capacity:
(2,20)(2,20)(2,20)(2,18)(2,18)(4,18)(4,20)(4,18)(4,20)(6,20)(6,18)(6,20)(8,20)(8,18)(8,20)(8,17)(8,20)(8,20)(8,20)

VMs in the order of Mem capacity:
(8,17)(2,18)(4,18)(4,18)(6,18)(8,18)(2,18)(2,20)(4,20)(6,20)(2,20)(6,20)(8,20)(2,20)(8,20)(4,20)(8,20)(8,20)(8,20)

Requested Virtual Machine : (2,17)
Virtual Machine selected: (2,18) [vma_12_1]