timelapse req_no cpureq memreq exectime extracpu extramem
500 1 6 15 3 0 1
1000 2 6 16 7 0 0
1500 3 6 7 9 0 0
2000 4 7 13 9 0 0
2500 5 2 3 10 0 0
3000 6 2 8 9 0 1
3500 7 3 20 6 0 0
4000 8 3 17 8 0 1
4500 9 8 16 4 0 0
5000 10 2 7 4 0 0
5500 11 3 14 6 0 0
6000 12 3 8 4 0 0
6500 13 8 13 9 0 0
7000 14 2 11 1 0 1
7500 15 1 20 10 0 0
8000 16 8 12 10 0 0
8500 17 8 1 3 0 0
9000 18 2 2 9 0 0
9500 19 7 20 3 0 0
10000 20 8 5 2 0 0
10500 21 1 10 2 0 0
11000 22 2 4 6 0 0
11500 23 6 4 3 0 0
12000 24 6 15 3 0 1
12500 25 4 9 6 0 1
13000 26 5 9 1 0 0
13500 27 1 9 6 0 1
14000 28 8 10 9 0 0
14500 29 8 15 9 0 1
15000 30 3 18 10 0 2
15500 31 3 5 9 0 0
16000 32 2 13 10 0 2
16500 33 7 3 3 0 0
17000 34 4 2 8 0 0
17500 35 3 15 5 0 2
18000 36 2 11 1 0 1
18500 37 2 18 9 0 2
19000 38 4 4 2 0 0
19500 39 5 10 3 0 1
20000 40 4 19 10 0 0
20500 41 8 20 2 0 0
21000 42 3 9 5 0 0
21500 43 5 6 2 0 0
22000 44 1 11 7 0 0
22500 45 7 12 7 0 2
23000 46 8 19 4 0 1
23500 47 2 15 4 0 1
24000 48 1 6 4 0 0
24500 49 3 19 5 0 1
25000 50 4 12 3 0 0
25500 51 4 7 4 0 0
26000 52 7 7 4 0 0
26500 53 8 6 4 0 0
27000 54 1 9 5 0 0
27500 55 5 3 5 0 0
28000 56 4 14 7 0 1
28500 57 2 18 6 0 2
29000 58 8 3 5 0 0
29500 59 1 19 8 0 1
30000 60 4 2 8 0 0
30500 61 1 10 4 0 0
31000 62 7 1 8 0 0
31500 63 2 19 5 0 0
32000 64 8 15 3 0 1
32500 65 4 11 5 0 0
33000 66 8 16 2 0 1
33500 67 6 7 1 0 0
34000 68 2 2 1 0 0
34500 69 1 9 5 0 0
35000 70 7 4 1 0 0
35500 71 5 2 8 0 0
36000 72 3 3 10 0 0
36500 73 8 2 9 0 0
37000 74 6 12 8 0 0
37500 75 3 15 7 0 0
38000 76 1 13 9 0 0
38500 77 8 15 8 0 0
39000 78 6 9 1 0 0
39500 79 8 20 4 0 0
40000 80 4 1 8 0 0
40500 81 8 19 5 0 1
41000 82 5 11 7 0 1
41500 83 2 20 8 0 0
42000 84 8 13 3 0 0
42500 85 3 12 5 0 1
43000 86 2 17 4 0 1
43500 87 3 17 7 0 1
44000 88 6 8 9 0 0
44500 89 7 6 4 0 0
45000 90 5 19 1 0 1
45500 91 8 7 4 0 0
46000 92 2 9 2 0 1
46500 93 4 19 8 0 0
47000 94 5 11 9 0 0
47500 95 3 5 10 0 0
48000 96 6 17 3 0 3
48500 97 6 5 8 0 0
49000 98 5 5 6 0 0
49500 99 1 13 6 0 1
50000 100 3 10 2 0 1
50500 101 6 19 3 0 0
51000 102 4 4 8 0 0
51500 103 3 4 3 0 0
52000 104 4 12 8 0 2
52500 105 7 6 3 0 0
53000 106 8 3 4 0 0
53500 107 2 7 4 0 0
54000 108 2 3 8 0 0
54500 109 8 7 4 0 0
55000 110 3 4 10 0 0
55500 111 3 4 5 0 0
56000 112 2 8 2 0 1
56500 113 4 10 2 0 1
57000 114 8 12 4 0 0
57500 115 2 17 1 0 1
58000 116 2 5 9 0 0
58500 117 7 19 9 0 1
59000 118 1 19 7 0 1
59500 119 2 3 3 0 0
60000 120 2 5 3 0 0
60500 121 8 6 6 0 0
61000 122 3 14 10 0 0
61500 123 2 1 10 0 0
62000 124 2 12 5 0 2
62500 125 8 7 7 0 0
63000 126 7 20 7 0 0
63500 127 8 8 4 0 0
64000 128 1 20 10 0 0
64500 129 6 7 2 0 0
65000 130 8 2 9 0 0
65500 131 3 19 6 0 1
66000 132 4 11 4 0 1
66500 133 8 12 2 0 1
67000 134 6 17 4 0 0
67500 135 4 3 2 0 0
68000 136 1 7 5 0 0
68500 137 4 19 9 0 1
69000 138 3 6 7 0 0
69500 139 1 15 4 0 2
70000 140 5 4 2 0 0
70500 141 1 16 3 0 0
71000 142 4 8 7 0 1
71500 143 7 3 7 0 0
72000 144 5 20 2 0 0
72500 145 5 5 2 0 0
73000 146 1 14 10 0 1
73500 147 1 12 8 0 2
74000 148 2 4 10 0 0
74500 149 2 8 1 0 1
75000 150 7 11 9 0 0
75500 151 8 17 3 0 3
76000 152 5 10 10 0 0
76500 153 4 2 1 0 0
77000 154 3 4 1 0 0
77500 155 7 9 2 0 0
78000 156 5 16 8 0 2
78500 157 5 17 4 0 0
79000 158 6 16 7 0 2
79500 159 2 19 1 0 1
80000 160 5 12 3 0 0
80500 161 6 14 9 0 0
81000 162 1 11 2 0 0
81500 163 3 7 7 0 0
82000 164 5 1 4 0 0
82500 165 6 17 5 0 3
83000 166 2 9 5 0 1
83500 167 6 15 10 0 2
84000 168 8 7 5 0 0
84500 169 5 7 5 0 0
85000 170 6 3 4 0 0
85500 171 6 20 2 0 0
86000 172 2 3 10 0 0
86500 173 8 4 2 0 0
87000 174 7 1 10 0 0
87500 175 1 4 1 0 0
88000 176 1 3 5 0 0
88500 177 4 14 2 0 0
89000 178 2 2 8 0 0
89500 179 8 19 7 0 0
90000 180 5 1 7 0 0
90500 181 3 1 2 0 0
91000 182 7 17 4 0 1
91500 183 7 17 6 0 0
92000 184 1 2 1 0 0
92500 185 3 18 7 0 0
93000 186 1 20 5 0 0
93500 187 4 15 7 0 2
94000 188 1 3 1 0 0
94500 189 7 17 8 0 3
95000 190 2 20 2 0 0
95500 191 4 15 8 0 2
96000 192 1 7 7 0 0
96500 193 3 10 10 0 1
97000 194 7 20 6 0 0
97500 195 5 11 6 0 0
98000 196 2 8 2 0 0
98500 197 5 16 2 0 0
99000 198 2 10 10 0 1
99500 199 7 5 8 0 0
100000 200 1 4 7 0 0
